0
9321.59
18643.2
27964.8
37286.4
46608
55929.6
65251.1
74572.7
83894.3
93215.9
102538
111859
121181
130502
139824
149145
158467
167789
177110
186432
195753
205075
214397
223718
233040
242361
251683
261005
270326
279648
288969
298291
307613
316934
326256
335577
344899
354220
363542
372864
382185
391507
400828
410150
419472
428793
438115
447436
456758
466080
475401
484723
494044
503366
512688
522009
531331
540652
549974
559296
568617
577939
587260
596582
605903
615225
624547
633868
643190
652511
661833
671155
680476
689798
