-20.000000 150.000000  0.000000
-15.498492 150.000000 -12.621283
 -2.937261 150.000000 -19.763288
 10.315575 150.000000 -17.116689
 18.898964 150.000000 -6.499639
 18.785577 150.000000  6.860033
  9.910192 150.000000 17.366551
 -3.180101 150.000000 19.732856
-14.758289 150.000000 13.462090
-20.000000  0.000000  0.000000
-14.781401  0.000000 13.437182
 -3.213816  0.000000 19.728631
  9.879955  0.000000 17.382052
 18.772379  0.000000  6.891343
 18.898964  0.000000 -6.499639
 10.315575  0.000000 -17.116689
 -2.937261  0.000000 -19.763288
-15.477976  0.000000 -12.648368
-19.272922 137.231366 -5.260985
-18.202199 137.303339  8.240742
 19.959657 137.873470 -1.151630
 16.217040 137.686937 11.673631
  4.915731 137.606463 19.367640
 -8.655132 137.349693 18.009094
  4.287537 13.228745 19.527278
-18.387133 13.390815 -7.856722
 -8.827229 12.732988 -17.931440
 -9.718689 13.624982 17.454215
-11.234306 137.453681 -16.524886
  2.332864 137.478491 -19.856325
 14.430840 137.613928 -13.827983
-18.910814 13.706509  6.446361
 16.661259 14.118785 11.022082
 19.975138  9.633654 -0.751122
 16.471115 11.947720 -11.300972
  4.832249 12.728394 -19.391128
 19.493096 125.861025  4.383343
 -5.999345 124.754383 -19.056764
 17.845405 125.512018 -8.997140
-19.768938 124.770332  2.864978
  7.815974 125.221425 -18.390940
-19.889263 26.068943 -2.066679
 10.127953 23.785136 17.237868
 12.113897 125.618229 15.888650
 11.831079 26.551732 -16.114190
-13.373093 124.787922 14.839466
 19.830934 21.274313 -2.438028
-16.910174 124.668679 -10.635724
 -1.574587 22.939565 -19.934053
 -1.912858 26.582973 19.891662
-15.385848 27.089498 12.769994
 -0.882297 125.166612 19.959346
-12.805130 25.339299 -15.340696
 17.708396 29.578265  9.248731
 17.281022 113.548620 10.033522
  7.635569 36.707239 18.461744
-19.753988 111.648261 -2.964166
 13.122480 112.850411 -15.084332
 19.715808 113.308104 -3.281650
-19.349527 39.457955  4.960137
 19.553512 36.011282 -4.084479
  6.915767 113.334975 18.744245
 -7.942723 42.045116 18.330545
 -1.882437 35.349187 -19.895474
-12.695074 111.888886 -15.437821
-16.683367 37.377327 -11.006877
  0.256317 112.392340 -19.987741
-16.836603 111.820291 10.756118
 19.667227 101.232750  3.521968
 17.466777 100.766166 -9.692417
 12.745163 41.354777 -15.385233
  7.146395 100.209786 -18.653730
 17.749589 43.772611  9.173089
 -6.522033 112.228629 18.881150
 -6.806593 99.458064 -18.785543
 19.654629 49.737776 -3.584286
  6.258745 50.567265 18.989775
-17.102762 51.727553 10.320569
-19.292897 50.005950 -5.182539
 13.286479 101.322836 14.944161
-17.664171 98.919849 -9.357970
 -9.493034 48.617428 -17.584497
-19.068181 98.661906  6.013999
  0.516303 87.507697 -19.992458
 19.866785 88.809471 -2.079747
 12.330052 54.979676 -15.716273
  3.109247 47.793964 -19.735043
-12.642275 86.384116 -15.484417
 17.734133 58.799964  9.201470
 19.369470 64.082760 -4.974297
 13.504167 88.783945 -14.731834
  5.403829 65.835259 19.230310
-19.995983 61.996052  0.080485
 17.399276 75.971268  9.816371
  1.260106 101.004050 19.936718
-14.426070 61.394412 -13.820137
 -0.400287 59.211269 -19.971367
 17.387184 91.335243  9.838575
-10.798402 99.726152 16.830842
 -7.422728 57.288678 18.565176
 -8.753635 71.117846 17.964647
-19.951330 86.339287 -0.975193
 -4.043813 73.931731 -19.565863
 10.331590 67.660236 -17.106345
-15.630288 63.161023 12.447287
-13.277064 85.887059 14.924211
 17.448994 76.720963 -9.725074
  8.762103 89.926176 17.955142
-17.989126 73.721272 -8.683193
  8.513234 78.672367 -18.082729
  0.659086 79.471851 19.981758
-18.617026 74.074584  7.253538
 -3.355593 91.068503 19.710864
 -7.328413 150.000000 -2.548981
  5.898335 150.000000 -4.804012
  1.309612 150.000000  7.613411
  1.836967  0.000000 -7.455723
 -7.115563  0.000000  2.792046
  6.108968  0.000000  5.065867
  3.483354 48.995504 -0.578857
 -0.012530 105.759098  3.150405
  9.731303 122.067757 -6.279968
 -8.356211 63.545187  0.361585
 -2.394346 20.839802 -3.680016
 -4.778224 81.081085 -5.700001
 -0.919296 127.601520  1.243784
 10.321436 114.972394 -4.142635
 -0.714412 39.650541 -10.537017
 -1.917781 98.459305  1.857024
 10.365443 135.601350 -3.390010
 -8.525413 119.977697  7.227832
-12.448349 93.146516  4.876125
 -3.452299 43.998623 -4.937021
  0.725639 27.079735  6.198622
 -5.064377 53.493184  4.806392
 -6.942570 89.162302 -2.244203
 -2.874078 71.995716 -4.321510
  7.346737 88.637667  4.057292
  8.516986 74.550000  5.348776
  8.936389 29.992529 -3.966079
  1.965940 36.291481  2.864059
-14.196658 80.060616 -0.589832
  6.869118 92.589616 -7.168034
 -6.077957 77.452891  7.762117
 11.258438 109.609310 10.207297
 -9.536012 33.607154  7.966940
  5.613586 83.380693 -5.789101
  8.026387 98.231868  3.429232
 -1.274038 113.445497 -6.394692
-12.860135 99.862919  2.509300
 -7.213817 19.166014  8.821484
  4.413138 81.467090  4.523116
-12.700422 119.111614 -3.599958
  0.078258 113.136507  5.233581
 -4.851496 31.090231 -4.029643
-13.356705 45.818108  1.134533
  5.277022 13.085570  1.666468
-18.820791 150.000000 -6.693699
 -9.881155 150.000000 -17.360415
  3.919474 150.000000 -19.592178
 15.537194 150.000000 -12.559292
 19.975138 150.000000  0.188955
 15.262561 150.000000 12.886587
  3.564286 150.000000 19.654807
 -9.501601 150.000000 17.579551
-18.629040 150.000000  7.220529
-18.634851  0.000000  7.204564
 -9.531027  0.000000 17.562562
  3.530824  0.000000 19.660707
 15.240720  0.000000 12.912616
 19.975138  0.000000  0.205944
 15.537194  0.000000 -12.559292
  3.919474  0.000000 -19.592178
 -9.866442  0.000000 -17.368910
-18.814980  0.000000 -6.709663
-17.736827 143.615683 -9.207097
-19.803028 143.615683 -2.638805
-19.569308 143.651670  4.097004
-16.697309 143.651670 10.984061
-19.947624 137.267353  1.049451
 19.759615 143.936735  3.064950
 19.602339 143.936735 -3.842949
 13.282842 143.843469 14.947708
 17.653427 143.843469  9.349672
 18.994473 137.780203  6.190005
  0.815206 143.803231 19.970059
  7.490645 143.803231 18.518622
 10.793397 137.646700 16.808079
-12.044791 143.674846 15.942188
 -5.943260 143.674846 19.075607
 -1.651757 137.478078 19.924382
-14.757245 137.326516 13.463216
  7.179200  6.614372 18.640855
  0.491040  6.614372 19.993595
-19.605559  6.695407 -3.948922
-17.077321  6.695407 -10.362201
-12.534712  6.366494 -15.579341
 -5.888397  6.366494 -19.094040
-14.861666 13.061901 -13.350676
 -2.481113 13.426863 19.820451
 -6.503347  6.812491 18.887428
-12.368921  6.812491 15.709155
 -7.099328 143.726840 -18.687189
-13.532431 143.726840 -14.698849
  6.576646 143.739246 -18.877340
 -0.306286 143.739246 -19.973711
 17.181898 143.806964 -10.215544
 12.462526 143.806964 -15.610628
-17.201519  6.853254 10.158959
-19.716915  6.853254  3.210129
-15.731123 137.342523 -12.314167
-14.918832 13.665745 13.289066
 17.832974  7.059393  9.019967
 13.529523  7.059393 14.707102
 19.642172  4.816827 -3.645906
 19.720410  4.816827  3.258887
 13.643415  5.973860 -14.596015
 17.887126  5.973860 -8.920528
  0.937926  6.364197 -19.960862
  7.693469  6.364197 -18.439020
 18.643520 137.743699 -7.197032
  8.703457 137.546210 -17.985208
 11.515276 13.673765 16.341839
 12.053376 12.338057 -15.936914
 -1.641757 12.730691 -19.925636
 -4.850892 137.466086 -19.381652
-19.981743 13.548662 -0.365816
 19.099708 10.790687 -5.848842
 19.079114 11.876219  5.915608
 18.160871 131.773981  8.342012
 19.909500 131.867247  1.652876
 -1.703434 131.116437 -19.917907
 -8.685549 131.104032 -17.995369
 19.367597 131.692744 -4.980370
 16.301543 131.562973 -11.549688
 19.911762 125.686521 -1.630262
-19.932730 131.000849 -1.347886
-19.185630 131.036836  5.603802
 11.450332 131.417677 -16.383784
  5.126396 131.349958 -19.308368
  0.877352 124.987904 -19.965401
 14.043859 125.366721 -14.205434
-19.853303 19.887726  2.305256
-19.331239 19.729879 -5.031961
 13.748857 18.951961 14.493170
  7.248492 18.506941 18.613660
  8.588194 131.612346 18.044300
 14.318260 131.652583 13.937790
  8.435713 19.640063 -18.122472
 14.432615 19.249726 -13.826251
-16.231789 131.045630 11.653196
-11.102323 131.068807 16.619775
-17.940644 124.779127  8.783866
 18.686446 16.611016 -7.095200
 19.915587 15.453983 -1.592038
 16.813990 23.913022 -10.798066
-14.225461 131.061180 -14.036343
-18.305503 130.950022 -8.026228
 16.869568 125.739627 10.716548
 19.537683 17.696549  4.162784
 -5.316061 17.836276 -19.275481
  1.696752 17.833979 -19.903996
-19.605614 124.719505 -3.948559
  1.227836 19.905859 19.939136
 -5.990329 20.103978 19.059793
-12.698052 20.357240 15.435193
-17.485614 20.398003  9.694060
 -4.938971 131.258152 19.361549
  2.054398 131.386537 19.877193
  6.174363 125.392420 19.013516
 -7.947520 124.977267 18.328381
-16.126767 19.365057 -11.791844
-10.867442 19.036143 -16.788643
  5.829866 24.745648 -19.110442
-17.289709 25.704121 -10.014643
  4.277575 25.184055 19.529035
 -8.848720 26.836236 17.921743
 -7.750555 24.139432 -18.417255
-12.482922 124.711531 -15.625046
-19.005090 26.579220  6.187341
 19.709819 25.426289  3.311275
 17.210952 21.848525 10.162191
 14.888071 119.583425 13.332887
 18.591731 119.704823  7.319891
 14.460368 26.681701 13.799182
 13.515864 33.142752 14.720426
  8.888875 30.246188 17.890150
  2.784204 31.645106 19.792356
-18.684860 118.158470 -7.067165
-19.996938 118.209297 -0.061346
 15.844707 119.181214 -12.192811
 10.596753 119.035918 -16.935085
 19.975138 119.584564  0.752711
 18.983680 119.410061 -6.224997
 19.649699 113.428362  3.608673
-17.780157 33.273727  9.117121
-19.928567 32.763449  1.431299
 17.328614 113.079258 -9.946127
 16.469718 31.281507 -11.303020
 19.719382 28.642797 -3.263971
  9.617458 119.476602 17.516627
 12.927994 113.441798 15.239430
  2.965532 119.250793 19.760383
  0.126494 39.376178 19.984504
 -4.958613 34.314045 19.357066
-11.891012 34.567307 16.052747
 -7.877248 30.344243 -18.360089
 -1.728512 29.144376 -19.914764
 -9.357569 118.321635 -17.662707
-15.008342 118.278782 -13.192597
-17.704204 111.768574 -9.274841
-18.867351 31.723135 -6.565776
-14.867164 31.358313 -13.344751
  4.940508 30.950460 -19.360668
 19.646698 32.794774  3.623517
-14.561548 40.751536 13.674126
  4.257796 118.806883 -19.532523
 -2.877712 118.573362 -19.770750
  7.742567 112.621376 -18.419750
-18.787058 118.295312  6.786378
-15.236378 118.304106 12.946833
-19.623531 111.734276  3.829686
 -6.954834 112.140613 -18.735737
-19.814056 38.417641 -2.565642
 -9.338331 36.363257 -17.673815
 18.715812 107.390685  7.025535
 19.975138 107.270427  0.177494
 18.923572 107.037135 -6.419862
 15.521132 106.808288 -12.578434
 19.835284 100.999458 -2.394556
  5.391626 38.351982 -19.233744
 12.288121 33.953255 -15.749711
 10.379997 106.530098 -17.075080
  3.784427 106.301063 -19.615990
 13.542779 100.487976 -14.694173
 19.871769 39.891947  2.029940
 17.728992 36.675438  9.210910
-10.217525 118.508275 17.166212
 -3.729406 118.697620 19.637624
  0.404711 112.781802 19.991442
-12.694051 112.024460 15.438724
 -3.177642 105.925202 -19.733164
 -9.915432 105.673475 -17.340625
  0.527775 99.833925 -19.991599
 13.545323 40.239925 14.691692
 17.033217 38.683030 -10.476519
 17.147057 45.546276 -10.279522
 19.604071 42.874529 -3.834383
 13.043669 47.169938 15.147181
  6.948174 43.637252 18.731526
 19.623368 46.755193  3.738923
-12.930763 46.886335 15.229824
-18.455024 45.592754  7.698633
-19.996962 44.731953  0.060866
-18.230111 43.691639 -8.182781
-19.677280 50.866752  3.473088
 10.166183 107.328906 17.213177
 15.451767 107.435728 12.661100
 17.078181 101.277793 10.405999
 -1.422130 46.306191 19.945884
-15.417295 105.404368 -12.728478
-19.009201 105.284055 -6.176047
-13.726157 42.997378 -14.527884
 -5.698159 41.983307 -19.157957
-12.694520 99.188956 -15.438310
-19.925175 105.155083  1.499259
-18.091703 105.241098  8.470189
-19.786584 98.790877 -2.747903
-16.361639 49.311689 -11.481770
  3.907644 93.858741 -19.594264
 -3.257419 93.482880 -19.723167
 19.975138 95.021110  0.834453
 19.039728 94.787818 -6.043292
 -7.682726 49.666897 18.447860
 -0.371349 53.927971 19.972089
 12.537607 48.167226 -15.550753
 17.210165 52.358726 -10.163636
 -3.871591 48.205696 -19.605171
  0.609159 41.571576 -19.985500
 -9.813332 92.921090 -17.399573
-15.468919 92.651983 -12.660324
 -6.095061 86.945906 -19.024605
 19.842272 54.268870  2.324715
 17.741861 51.286287  9.187280
 16.469006 59.531218 -11.304065
 19.513967 56.910268 -4.280100
 15.738871 94.775055 -12.318942
 10.424717 94.496865 -17.046198
 18.075359 88.796708 -8.544869
 13.382549 54.683615 14.850457
 13.139209 62.317611 15.070991
  5.831287 58.201262 19.110043
  8.536059 44.574371 -18.071027
  8.081921 51.386820 -18.286564
 19.795620 61.441362  2.790934
  6.976361 88.145821 -18.720464
-19.188818 56.861803  5.591284
-19.814976 56.001001 -2.559538
 19.896413 70.027014  1.783659
 17.566705 67.385616  9.508921
  4.125899 107.169513 19.555779
  7.769864 101.163443 18.409037
 -2.798689 106.616340 19.780653
 11.700433 70.903263 16.218377
-17.577863 55.700181 -9.537191
-12.102288 55.005920 -15.900850
-18.729110 61.695232 -6.945590
 -5.306021 53.914348 -19.277772
  1.375543 53.502616 -19.928067
 15.466260 96.329040 12.643828
 18.797793 96.283997  6.827626
 19.498972 90.072357  4.354274
-14.221650 105.773222 14.040450
 -8.716752 105.977391 17.981290
 -4.582390 100.365101 19.442936
-15.940416 99.194029 12.037862
 -8.797930 60.302840 -17.944660
  6.621126 57.095472 -18.859883
 -0.821995 61.561968 19.960850
 -1.437209 68.476553 19.945508
 -8.088181 64.203262 18.264912
-13.184336 54.508116 15.006045
-17.423090 86.361702 -9.796375
-19.217860 92.629568 -5.477227
-19.794773 92.500596  2.693573
 -1.767016 80.719714 -19.909939
 -8.682201 80.157924 -17.996879
  4.945190 63.435752 -19.359351
 11.353455 61.319956 -16.446354
-11.801986 60.224850 16.116753
-16.413847 57.444288 11.412846
-18.998767 62.578538  6.204714
-12.406740 67.139435 15.681965
 15.703543 65.871498 -12.361044
-18.757517 86.113173  6.867541
-16.783772 92.274483 10.842571
 14.262570 72.190600 -13.992109
 18.553531 70.401861 -7.410512
  5.077441 95.465113 19.322142
 11.104901 95.624506 16.606887
 13.503196 90.630710 14.732781
-15.602962 80.052694 -12.483363
-19.377692 80.030280 -4.849529
-10.014452 67.663072 -17.283456
 -2.224146 66.571500 -19.852653
-19.510689 67.858662 -4.327213
-16.416231 67.557842 -11.409698
-11.708422 73.826502 -16.184020
 19.971991 76.346116 -1.028363
 11.127989 83.728156 -16.591976
  4.503646 83.090032 -19.483582
  1.876476 76.302049 -19.890527
-12.090164 92.806606 15.909567
 11.589970 77.721559 16.293596
  3.055865 72.653555 19.744455
 -3.938535 75.294849 19.589892
 19.070451 82.765217 -5.943693
 15.623685 82.752454 -12.456216
  3.951500 70.795984 -19.586531
 19.501594 82.390369  4.341307
 17.393230 83.653256  9.827473
 13.276528 77.696665 -14.953867
-19.934686 73.897928 -1.308685
-19.730971 80.206936  3.116874
-19.650639 68.035318  3.649837
-16.433893 79.980822 11.386381
-17.317633 68.617804  9.968949
 13.909093 82.948722 14.336881
 -1.024466 96.036277 19.955801
  3.161023 90.497340 19.725913
-15.193443 72.596215 12.993105
-11.194199 78.502453 16.553722
 -9.111232 88.477781 17.803293
 -7.243065 95.397328 18.638896
 -6.027891 82.679455 19.047173
  4.915308 84.699014 19.367759
 -1.393505 85.270177 19.946598
  9.427842 73.166301 -17.613837
-13.664207 150.000000 -1.274490
-11.413453 150.000000 -7.585132
 -5.132837 150.000000 -11.156134
  1.480537 150.000000 -12.283650
  8.106955 150.000000 -10.960351
 12.398649 150.000000 -5.651826
 -0.715039 150.000000 -3.676496
-11.043351 150.000000  5.456554
 12.341956 150.000000  1.028011
 10.047595 150.000000  7.236722
  5.609902 150.000000 12.489981
 -0.935245 150.000000 13.673133
  3.603973 150.000000  1.404699
 -6.724339 150.000000 10.537750
 -3.009401 150.000000  2.532215
 -0.550147  0.000000 -13.609505
 -6.820504  0.000000 -10.052045
-13.557781  0.000000  1.396023
-10.948482  0.000000  8.114614
 -5.164689  0.000000 11.260338
  1.447576  0.000000 12.397249
  7.994462  0.000000 11.223960
 12.440673  0.000000  5.978605
 -0.503297  0.000000  3.928956
-11.296769  0.000000 -4.928161
 -2.639298  0.000000 -2.331839
  3.972968  0.000000 -1.194928
 10.367966  0.000000 -6.977681
 12.503966  0.000000 -0.716886
  6.076271  0.000000 -12.286206
  6.960407 70.192629 12.289543
 12.386649 64.959009  7.128007
 12.958131 75.260634  7.582574
 13.943228 69.316380  0.187239
 -9.581812 26.574339  2.065972
-12.370379 28.579587 -3.048161
-11.141804 23.454373 -2.873347
 -2.062928 29.084983  1.084489
 -0.834353 23.959769  1.259303
 -3.622921 25.965017 -3.854830
-11.383675 77.401179 -7.191597
-10.431602 72.858494 -6.502351
-16.092892 76.890944 -4.636513
 -3.826151 76.538400 -5.010756
 -9.487441 80.570851 -3.144917
 -8.535368 76.028166 -2.455671
 -4.411019 77.506408 -12.632932
 -3.458946 72.963724 -11.943686
  5.155703 58.044321 13.883323
 -5.113230 64.498141 15.838799
  1.051922 60.980494 10.824379
 -8.710249 83.732601 -10.592209
-13.419466 83.222366 -8.037125
-17.073994 83.199952 -0.782513
  6.587620 85.696633 11.239129
  8.054420 89.281921 11.006217
 10.906207 78.719179  7.169744
  5.879937 85.052378  4.290204
 12.373006 82.304467  6.936831
  1.369754 77.688205 -5.055306
  7.063410 81.026530 -11.935915
  0.417681 82.230889 -5.744551
  2.819578 75.334041 -11.202120
  1.867505 79.876726 -11.891365
  2.536112 80.469471 12.252437
-13.172668 68.633229 -4.160804
 -5.615145 67.770451 -1.979962
-11.391141 62.469799 -6.729276
 -8.650074 66.695064 -9.070823
  0.528772 86.267797 12.116990
-15.020036 41.597717 -4.936172
-16.324801 47.912029 -2.024003
-11.424870 47.217768 -8.224982
 -3.672760 143.674846 12.811252
-10.031969 39.554248 -2.788440
 -8.691793 37.874718  3.912098
 -8.698889 38.513934 -10.771947
  0.625764 37.971011 -3.836479
 -7.358713 36.834404 -4.071409
 11.531290 80.050828 -7.757088
  7.287458 74.358340 -7.023292
  5.013362 82.423892 -0.632993
  0.769530 76.731403  0.100803
 10.931066 79.094027 -2.600979
  4.115599 143.739246 -12.330169
 10.164587 143.806964 -9.315998
  1.995572 89.853085 11.884078
  3.866804 22.312469  6.778926
  5.426796 25.432436 11.718245
  1.457068 21.475575 13.029676
 -4.804081 20.002908  2.570734
 -3.244089 23.122875  7.510053
 13.291242 136.644143  4.141811
 15.162550 136.737410 -2.270820
 14.929269 130.731187  0.496667
 -0.182543 81.274088 -0.588443
-10.569614 84.611459 -1.417018
-13.446950 87.750795 -1.609698
 -9.792422 87.773209 -8.864310
-13.736861 82.973838  7.167189
-10.109817 87.524681  6.340004
 -1.414013  6.614372 11.159662
  1.506195 11.892568 10.014957
  5.198253  6.614372 12.296573
  8.118461 11.892568 11.151867
-10.745552 73.035150  1.466014
-16.406842 77.067600  3.331853
 -3.481423 52.492813 -10.449406
  3.632837 54.236430 -5.454940
  7.906703 51.987590 -8.147565
-12.178637 51.749567 -0.188073
 -7.904772 49.500727 -2.880698
 -0.790512 51.244344  2.113768
 12.366960 89.986455  6.947933
  9.128173 22.106939 -11.186041
 12.331591 17.001353 -10.914578
  3.112672 143.803231 13.490525
-12.303370 94.041076 -5.801087
 -3.213133 88.335000 -11.118331
 -8.573934 93.213773 -14.675214
 -8.417126  6.812491 10.123130
  0.204632 18.705059 17.346041
 -1.264716 85.314696  1.139456
 -4.431963 83.677075  9.723664
 -5.860397 85.121694 -3.972102
 -9.027644 83.484072  4.612105
 10.833951 10.637156 -4.946876
  3.334608  6.364197 -13.423425
  9.154041  5.973860 -9.378348
  5.307918 67.600303  6.495175
 -0.118324 72.833923 11.656712
 13.606761 88.723569  0.988772
  8.131889 142.800675 -4.097011
 11.057687 143.843469  3.434810
 12.928996 143.936735 -2.977821
 -9.846592 54.608610 -12.576953
  1.418509 51.798552 -16.650385
  4.006928 101.995483  3.289818
  6.636974 103.540967  9.047283
  9.827348 103.495924  3.336186
 10.656433 99.777352  9.186696
 13.846807 99.732309  3.475600
 12.706785 94.783556  6.633903
 -4.754954 10.419901 -0.443985
 -0.919271  6.542785  2.229257
  7.702487 18.435353  9.452168
  1.441338 16.962686 -1.006774
 13.801229 114.260507  2.945443
 10.026370 118.520076 -5.211302
 15.018622 114.140249 -3.712143
 13.506162 117.808189  1.876777
 14.723556 117.687930 -4.780809
  5.837528 142.800675  2.111700
  8.763326 143.843469  9.643521
 -6.663879 137.377191 -10.802872
  0.243780 137.610713 -10.469960
 -2.497775 143.739246 -11.202653
-13.280290 105.553162 -10.874854
-15.758265 95.904211  5.445062
-16.199839 89.742901  1.950466
-12.862706 89.516788  9.900168
  4.112343 43.429373 10.926917
  4.871049 49.781385  9.205459
  9.857764 40.032046  6.018574
  2.724647 42.643493  1.142601
 10.616471 46.384058  4.297116
  6.711755 137.809115 11.751030
  0.213658 137.583306 13.786379
 -8.554923 67.331516  9.163116
-13.486618 68.809885  3.807562
 -5.813856 71.556781  6.821569
-11.993250 63.353105  6.404436
  4.800755 36.499360 10.662901
 -2.774340 106.049336 -17.045776
 -6.303796 105.929023 -10.808948
-13.548676 137.385166  0.157999
-12.119294 137.334339 -6.592352
-13.300668 143.615683 -3.904983
 -2.988391 39.168299 10.597302
  2.714478 93.548486  2.957158
 -2.636687 94.763904 10.783944
  3.422161 94.192741  9.906083
 -1.442778 33.690856 -0.582792
-10.767431 34.233779 -7.518260
 -2.782954 35.370386 -7.283330
-15.276195 105.687207  6.933338
 -4.899726 116.711597  0.416570
 -4.223578 116.557102  6.230707
 -4.722355 123.789609  4.235808
 -0.597890 113.291002 -0.580556
 -1.096667 120.523509 -2.575454
 -0.420519 120.369013  3.238682
  1.518515 142.800675 -2.969495
 11.239670 130.609789  6.249320
  2.392742 137.809115  6.669835
 13.042053  4.816827  2.157372
 -7.889469 60.416932  9.463381
  4.688961 61.172575  4.781528
 10.759726 36.151382 -0.610210
  9.837168 32.934873  6.056395
 -2.229685 45.520310  8.875844
  8.727124 103.262632 -3.271006
 12.746582 99.499017 -3.131593
-13.551540 22.617478  3.377402
 -9.281360 143.726840 -9.536933
 -7.788248 106.412171 15.346418
 -3.366967 33.219709 -11.962559
 -1.298424 37.499864 -15.216246
  5.506630 63.813973 -2.306356
  8.247696 68.039238 -4.647903
 12.969951 10.637156  1.313919
 11.385114  7.059393  8.043974
 14.979443 22.529724  7.399920
-15.764416 56.560983 -1.749784
-14.176097 62.770619  0.221035
-12.729486 57.636370  5.341077
 12.553978 17.179941 -0.385780
  5.692995  6.542785  3.366167
  3.382223 106.775733 16.912656
 -8.446293 143.651670  7.927076
-10.390739 17.115309 -5.768369
-10.652580 17.273155  1.383173
 -6.031740 137.393961 11.226438
-10.350753 137.393961  6.145242
 -4.105355 137.583306  8.705183
-15.056260 96.033182 -2.240923
 12.139961 85.138281  1.221685
 10.840776 35.673653 -9.675656
 14.244951 33.001905 -4.025279
 10.383734 28.272130 -10.040134
-12.765306 143.651670  2.845880
  3.728756 69.827976 -10.713927
 12.982990 75.635482 -2.188149
  2.821454 73.272858  0.513633
  9.424288 71.105118 -5.878785
 -7.164690  9.583007  5.806765
-13.013189  6.853254  4.619203
 -8.466253 16.395498 13.137849
-13.062316 16.436261  7.633922
  7.355552 38.823129 -6.260587
  5.451165 33.142005 -0.551010
 -6.503550 47.769150 11.568469
  0.597184 52.030225 11.898084
 -3.004840 48.806466 -9.081677
  6.015376 40.502659 -12.961125
  4.110989 34.821535 -7.251548
  5.558334 33.101137 -13.325604
 -0.804823 116.656336 12.986039
  3.497012 113.235741 11.988913
  2.998235 120.468247  9.994014
-10.067833 40.687975 -7.971949
 -8.404502 44.908365 -1.901244
 -6.472667 46.308025 -11.260759
-12.654242 96.504717  3.692713
 -7.183065 95.802911  3.366574
-15.262153 99.391384 -3.424335
 -7.388958 99.161112  2.183162
 -9.790976 98.689577 -3.750473
 -9.695459 91.154409  1.315961
 -7.901971 92.107509 12.293494
 -5.149081 90.115403  8.733330
-11.400913 41.728289  0.011558
 -2.083355 41.824582 -7.737019
-15.964158 99.262412  4.261649
  3.566932 102.984442 -7.751662
  2.614307 99.334546 -8.398353
 -9.883259 108.703679  0.093120
-10.835885 105.053783 -0.553571
 -0.965156 102.109202  2.503715
 12.398141 136.607639 -8.608997
-11.623375 96.436334 10.853484
-11.829268 99.794536  9.670071
 14.105424 130.556684 -6.193575
 -5.405466 102.742625  9.990624
  0.623788 103.381574 11.543562
 -6.358092 99.092729  9.343933
 -0.328837 99.731678 10.896871
  4.228632 117.756627 -6.337330
  4.406004 124.834639 -2.518092
  4.523699 114.208946 -5.268664
  4.701070 121.286957 -1.449426
 14.269730 111.578965 10.120409
 14.994331 108.102572 -0.310334
 15.462832 105.421030  6.864632
 10.789937 112.290852  3.032331
  2.471700 62.738586 -9.397217
  9.484592 61.647014 -12.472832
  1.654032 60.097188 -2.309334
  8.666923 59.005616 -5.384949
-16.353116 42.638031  3.047335
 14.383661 25.633421 -3.202053
 13.322393 29.785397  2.641326
 -2.047240 64.527324 -15.463241
  9.090709 130.411387 -10.890475
  1.865979 123.411070 -12.668366
 -3.636692 119.099940 -12.725728
 -3.459321 126.177952 -8.906490
  4.993810 117.230049 -13.133855
 -0.508861 112.918919 -13.191217
  5.288876 113.682367 -12.065188
  9.087102 111.472143 14.475771
  8.618601 114.153685  7.300805
  3.054303 98.345587  2.643128
  4.643247 99.617959 11.682975
-16.234680 121.940973 -0.367490
-14.147176 122.374015  5.046405
-16.227205 115.379938 -3.282062
-10.612918 119.544656  1.813937
-14.139701 115.812979  2.131833
  3.271021 25.416166 -3.823047
  8.718294 21.057057 -3.059022
  4.831014 28.536132  1.116272
 10.278287 24.177024  1.880297
  4.718366 23.695767 -9.897103
 11.426892 117.459084 -10.682150
 11.721958 113.911403 -9.613484
-14.805298 121.890146 -7.117841
  2.042447 30.541380 -3.997861
  3.489792 28.820981 -10.071917
-10.344117 126.185926  2.054381
 -6.809859 123.356567 -1.178087
 -8.914735 126.135099 -4.695970
 -7.193754 32.348693  1.968649
-10.118672 29.089865  4.370175
 -4.405186 30.343445  7.082781
-12.460930 30.348326 10.368467
 -7.330104 27.084617  9.484308
-10.137307 78.756754  3.586142
-12.347491 75.763738  7.507827
 -9.677511 81.669975 11.343164
  1.218951 16.784098 -11.535572
 -0.278689 10.419901 -5.567869
 -1.984467 21.889684 -11.807034
  1.345790 31.685608  4.531341
 -3.785036 34.949318  5.415500
-12.751348  6.695407 -2.532338
 -8.275083  6.695407 -7.656222
 -5.610788 16.786395 -10.805728
  6.480161 86.009180 -0.865905
 12.740186 86.095082 -3.934424
 10.906053  4.816827 -4.103423
 -3.495131  6.366494 -12.693582
  6.349153 136.539920 -11.623168
  4.180604 31.893487 12.330183
  9.217018 28.329000  7.723677
 12.272458 105.466073 12.575729
 -9.210541 49.655646  2.970463
-11.083569 52.610369  7.563481
-15.229733 48.772831  5.727551
 -0.950221 35.157197 13.214342
 -0.664492 86.271498 -4.016652
  0.202084 88.899984  0.906544
  2.368202 110.918970 14.544223
  7.686562 93.434767  3.743262
  8.394245 94.079022 10.692187
-10.649714 43.931612  9.732539
  7.107927 90.613641 -1.555371
  7.447752 95.410742 -1.869401
 12.128151 91.962430  1.335271
 -0.900796 126.384066 10.601565
  5.597301 126.609875  8.566217
  3.556994  6.542785 -2.894628
  7.007756 96.399701 -12.910882
 12.167948 96.677891 -8.430226
 10.186642 90.686780 -10.949934
 -8.739367 37.826135 13.148743
-14.442769 36.532555  6.463539
 -0.832410 79.459991  6.142616
 -2.709436 78.462371 13.871937
  2.475668 95.524461 -2.655505
 13.367951 90.699543 -4.623890
-13.109689 35.492241 -1.519968
 -0.036726 90.875959 -4.706119
 -5.397526 95.754732 -8.263002
  3.692710 90.048656 -13.580246
 -2.732332 56.352226 -7.582487
 15.032092 56.889820 -3.257402
 -4.476018 74.724304  1.720303
 -5.428091 79.266988  1.031058
  3.448339 126.411473 -8.573578
 -4.123855 138.800760 -0.652598
-10.514013 112.546879 -4.679429
-12.697748 115.500250 -9.518890
 -6.987230 116.278556 -4.997325
 -6.984556 112.667192 -10.916257
 -4.430175 93.810804 -0.193590
  6.241352 87.985155 -6.478568
  1.847902 90.919999 -1.966039
  3.064945 85.444195 -12.890780
 -4.936676 47.406806  0.277838
  0.015527 46.497064 -2.757939
 -9.745224 57.443798 -4.506872
 14.612199 123.964391 -0.948312
 10.922600 123.842993  4.804341
  2.936178 106.827641 -12.524211
 -4.362187 98.958685 -8.464260
-12.681008 115.898994  8.991975
 10.048373 128.834553 -4.834989
 10.425452 88.710806 -5.337271
-11.299832 23.127756 10.795739
  8.773639 123.644591 -12.335454
  6.682368 107.229672 10.088871
  9.872742 107.184628  4.377774
  5.668348 111.372909  7.720439
  0.032864 109.447802  4.191993
  4.723074 131.601435 -1.073113
  6.334878 56.146574  7.003931
 10.608743 53.897734  4.311306
 -5.103723 44.133985 -14.060757
  1.197418 43.722253 -15.136030
  5.199847 114.054451  0.545473
 -4.563337 22.874493 14.356573
 -7.415796 74.285369 12.863382
 -0.593609 26.831354 13.045142
 -3.221887 112.682568 12.057366
 -3.267282 108.993863 11.015778
 -6.243553 55.390931 11.685784
  1.219514 76.001445  6.555446
  9.196594 107.339123 -1.436362
  0.031262 96.023840 -12.976789
  4.588036 77.010925 12.665267
 -8.424567 108.789694  6.953262
  9.558877 86.082319 -10.260468
 -2.130961 84.294391 -12.846230
 -8.379172 112.478399  7.994849
 -9.837865 112.392384  1.134707
  8.114258 45.175141 -7.982045
  3.296300 48.394734 -10.156950
 13.788354 123.789887 -7.638554
 -6.710294 58.519185  2.583989
 -7.523723 116.103163 13.054491
-10.949253 122.382809 11.033649
-16.307061 105.755590 -0.227433
 11.568991 49.366640 -2.081572
  8.096370 107.105831 -8.043555
 13.894107 107.869280 -6.917526
 -1.476191 64.690223  9.795948
 -7.146194 126.194721  8.041625
 -0.643284 109.602297 -1.622143
 -2.138392 28.094495 -11.787745
  6.465062 78.008545  4.935946
  8.733916 107.591090 -11.398183
 -7.599738 23.089551 -9.510356
  7.586391 99.220827 -7.612249
  8.180863 120.575070  5.638653
-14.712637 29.838049  2.950131
 11.518433 42.503393 -2.331668
 -9.092106 119.057088 -8.515208
 -4.703855 122.572154 13.593589
 -0.743179 40.145052 -1.036481
  4.646432 42.676700 -10.161127
 13.268172 96.911183 -1.823033
 -5.697511 43.021870  6.696762
 -8.828313 28.214765 -9.685170
 -0.171526 45.896294 -12.336032
 -5.724435 30.095064 13.929301
